octave-3.2.4.exe:2> a = datenum(2010,1,1);b = datenum(2010,3,15);[d f]=__fetch_google__(google(),"yhoo",a,b,"d")
d =

  7.3421e+005  1.6350e+001  1.6640e+001  1.6280e+001  1.6460e+001  1.8968e+007
  7.3421e+005  1.6510e+001  1.6590e+001  1.6260e+001  1.6320e+001  2.3107e+007
  7.3421e+005  1.6570e+001  1.6650e+001  1.6100e+001  1.6530e+001  2.1733e+007
  7.3421e+005  1.6510e+001  1.6940e+001  1.6510e+001  1.6790e+001  3.3089e+007
  7.3421e+005  1.6410e+001  1.6720e+001  1.6400e+001  1.6530e+001  2.0760e+007
  7.3420e+005  1.6320e+001  1.6610e+001  1.6300e+001  1.6520e+001  3.0560e+007
  7.3420e+005  1.5890e+001  1.6380e+001  1.5890e+001  1.6060e+001  2.1423e+007
  7.3420e+005  1.5550e+001  1.5850e+001  1.5520e+001  1.5810e+001  2.2906e+007
  7.3420e+005  1.5850e+001  1.5850e+001  1.5550e+001  1.5570e+001  2.0614e+007
  7.3420e+005  1.5870e+001  1.5960e+001  1.5670e+001  1.5730e+001  2.0102e+007
  7.3420e+005  1.5430e+001  1.5830e+001  1.5400e+001  1.5790e+001  1.7239e+007
  7.3420e+005  1.5270e+001  1.5410e+001  1.5160e+001  1.5310e+001  1.4976e+007
  7.3419e+005  1.5320e+001  1.5350e+001  1.5130e+001  1.5240e+001  2.0129e+007
  7.3419e+005  1.5480e+001  1.5710e+001  1.5330e+001  1.5590e+001  1.9285e+007
  7.3419e+005  1.5450e+001  1.5510e+001  1.5140e+001  1.5380e+001  1.8347e+007
  7.3419e+005  1.5610e+001  1.5680e+001  1.5440e+001  1.5490e+001  1.0464e+007
  7.3419e+005  1.5490e+001  1.5710e+001  1.5320e+001  1.5580e+001  1.5409e+007
  7.3419e+005  1.5400e+001  1.5600e+001  1.5320e+001  1.5540e+001  1.3705e+007
  7.3419e+005  1.5500e+001  1.5520e+001  1.5320e+001  1.5440e+001  1.2733e+007
  7.3418e+005  1.5230e+001  1.5480e+001  1.5180e+001  1.5410e+001  2.1453e+007
  7.3418e+005  1.5170e+001  1.5170e+001  1.5170e+001  1.5170e+001  0.0000e+000
  7.3418e+005  1.5170e+001  1.5170e+001  1.5170e+001  1.5170e+001  0.0000e+000
  7.3418e+005  1.4870e+001  1.5250e+001  1.4760e+001  1.5220e+001  2.4510e+007
  7.3418e+005  1.5020e+001  1.5020e+001  1.4480e+001  1.4800e+001  3.6518e+007
  7.3418e+005  1.5200e+001  1.5240e+001  1.4940e+001  1.5070e+001  1.6717e+007
  7.3418e+005  1.5180e+001  1.5470e+001  1.4950e+001  1.4990e+001  1.9856e+007
  7.3417e+005  1.5010e+001  1.5250e+001  1.4920e+001  1.5190e+001  2.0714e+007
  7.3417e+005  1.5340e+001  1.5520e+001  1.4990e+001  1.5010e+001  2.7668e+007
  7.3417e+005  1.5120e+001  1.5600e+001  1.5120e+001  1.5460e+001  2.4731e+007
  7.3417e+005  1.5100e+001  1.5320e+001  1.5030e+001  1.5170e+001  2.7557e+007
  7.3417e+005  1.5140e+001  1.5300e+001  1.4870e+001  1.5050e+001  2.9866e+007
  7.3417e+005  1.5510e+001  1.5670e+001  1.4900e+001  1.5010e+001  3.9667e+007
  7.3417e+005  1.5930e+001  1.5960e+001  1.5440e+001  1.5440e+001  3.0159e+007
  7.3416e+005  1.6460e+001  1.6490e+001  1.5770e+001  1.5980e+001  4.1701e+007
  7.3416e+005  1.5820e+001  1.6170e+001  1.5700e+001  1.5990e+001  4.3979e+007
  7.3416e+005  1.6070e+001  1.6110e+001  1.5740e+001  1.5860e+001  1.9684e+007
  7.3416e+005  1.6080e+001  1.6210e+001  1.5810e+001  1.5880e+001  2.5135e+007
  7.3416e+005  1.6390e+001  1.6580e+001  1.6100e+001  1.6200e+001  2.1861e+007
  7.3416e+005  1.6650e+001  1.6680e+001  1.6250e+001  1.6380e+001  1.4421e+007
  7.3416e+005  1.6780e+001  1.6960e+001  1.6640e+001  1.6750e+001  1.5183e+007
  7.3416e+005  1.6820e+001  1.6820e+001  1.6820e+001  1.6820e+001  0.0000e+000
  7.3415e+005  1.6820e+001  1.6820e+001  1.6820e+001  1.6820e+001  0.0000e+000
  7.3415e+005  1.6810e+001  1.7230e+001  1.6800e+001  1.7120e+001  1.6717e+007
  7.3415e+005  1.6880e+001  1.6980e+001  1.6650e+001  1.6900e+001  1.6962e+007
  7.3415e+005  1.6650e+001  1.6860e+001  1.6600e+001  1.6680e+001  1.5674e+007
  7.3415e+005  1.6770e+001  1.6830e+001  1.6480e+001  1.6740e+001  1.6185e+007
  7.3415e+005  1.6680e+001  1.6760e+001  1.6620e+001  1.6700e+001  1.5471e+007
  7.3414e+005  1.6810e+001  1.6900e+001  1.6570e+001  1.6700e+001  3.1816e+007
  7.3414e+005  1.7170e+001  1.7300e+001  1.7070e+001  1.7170e+001  1.6422e+007
  7.3414e+005  1.7220e+001  1.7230e+001  1.7000e+001  1.7230e+001  1.1718e+007
  7.3414e+005  1.6940e+001  1.7200e+001  1.6880e+001  1.7100e+001  1.6589e+007
  7.3414e+005  1.6780e+001  1.6780e+001  1.6780e+001  1.6780e+001  0.0000e+000

f =

{
  [1,1] = ﻿Date
  [1,2] = Open
  [1,3] = High
  [1,4] = Low
  [1,5] = Close
  [1,6] = Volume
}

octave-3.2.4.exe:3> Bolling(d(:,6),2,0,2)
error: `Bolling' undefined near line 3 column 1
octave-3.2.4.exe:3> bolling(d(:,6),2,0,2)
octave-3.2.4.exe:4> highlow(d(:,3),d(:,4),d(:,5),d(:,2))
octave-3.2.4.exe:5> movavg(d(:,5),3,20,0)
octave-3.2.4.exe:6> pointfig(d(:,5))
octave-3.2.4.exe:7> posvolidx(d(:,5),d(:,6),100)
ans =

   100.000
    99.149
    99.149
   100.709
   100.709
   100.648
   100.648
    99.081
    99.081
    99.081
    99.081
    99.081
    98.628
    98.628
    98.628
    98.628
    99.201
    99.201
    99.201
    99.009
    99.009
    99.009
    99.335
    96.594
    96.594
    96.081
    97.363
    96.209
    96.209
    94.404
    93.658
    93.409
    93.409
    96.676
    96.736
    96.736
    96.858
    96.858
    96.858
    99.046
    99.046
    99.046
   100.813
    99.517
    99.517
    99.875
    99.875
    99.875
    99.875
    99.875
    99.122
    99.122

octave-3.2.4.exe:8> negvolidx(d(:,5),d(:,6),100)
ans =

   100.000
   100.000
   101.287
   101.287
    99.718
    99.718
    96.942
    96.942
    95.470
    96.451
    96.819
    93.876
    93.876
    96.032
    94.738
    95.416
    95.416
    95.171
    94.558
    94.558
    93.086
    93.086
    93.086
    93.086
    94.784
    94.784
    94.784
    94.784
    97.625
    97.625
    97.625
    97.625
   100.422
   100.422
   100.422
    99.606
    99.606
   101.613
   102.742
   102.742
   103.171
   103.171
   103.171
   103.171
   101.828
   101.828
   101.585
   101.585
   104.444
   104.809
   104.809
   102.848

octave-3.2.4.exe:9> onbalvol(d(:,5),d(:,6),100)
error: Invalid call to onbalvol.  Correct usage is:

 -- Function File: obv = onbalvol (closeprice, vol)
 -- Function File: obv = onbalvol ([closeprice vol])


Additional help for built-in functions and operators is
available in the on-line version of the manual.  Use the command
`doc <topic>' to search the manual index.

Help and information about Octave is also available on the WWW
at http://www.octave.org and via the help@octave.org
mailing list.
octave-3.2.4.exe:9> onbalvol(d(:,5),d(:,6))
